   9.8004000e-02  -1.9777941e+01  -6.0633900e-01   7.1569600e-01   1.7960000e-03   1.2570000e-03  -6.9840800e-01
   1.2756300e-01  -2.0970896e+01  -6.0634000e-01   7.1608800e-01   1.6030000e-03   1.4180000e-03  -6.9800600e-01
   1.5789700e-01  -2.2191921e+01  -6.0634000e-01   7.1572900e-01   1.5040000e-03   1.4850000e-03  -6.9837500e-01
   1.8914800e-01  -2.3440695e+01  -6.0633800e-01   7.1607700e-01   1.4720000e-03   1.4890000e-03  -6.9801800e-01
   2.2105200e-01  -2.4716909e+01  -6.0633500e-01   7.1576200e-01   1.4470000e-03   1.4850000e-03  -6.9834100e-01
   2.5378600e-01  -2.6020283e+01  -6.0633100e-01   7.1607200e-01   1.4430000e-03   1.4640000e-03  -6.9802400e-01
   2.8698800e-01  -2.7344961e+01  -6.0616200e-01   7.1579300e-01   1.0250000e-03   1.0370000e-03  -6.9831100e-01
   3.2043200e-01  -2.8671810e+01  -6.0613400e-01   7.1606200e-01   9.4700000e-04   9.4500000e-04  -6.9803500e-01
   3.5393300e-01  -3.0003735e+01  -6.0608700e-01   7.1579600e-01   8.3300000e-04   8.3200000e-04  -6.9830800e-01
   3.8813700e-01  -3.1360342e+01  -6.0613300e-01   7.1607200e-01   9.5200000e-04   9.3600000e-04  -6.9802600e-01
   4.2252400e-01  -3.2728027e+01  -6.0605400e-01   7.1583200e-01   7.5300000e-04   7.3500000e-04  -6.9827200e-01
   4.5702900e-01  -3.4095543e+01  -6.0593800e-01   7.1608600e-01   4.6600000e-04   4.3400000e-04  -6.9801200e-01
   4.9122600e-01  -3.5455250e+01  -6.0582100e-01   7.1581100e-01   1.7000000e-04   1.3700000e-04  -6.9829400e-01
   5.2416100e-01  -3.6764309e+01  -6.0646600e-01   7.1551300e-01  -1.1640000e-03  -4.5000000e-04  -6.9859800e-01
   5.5466100e-01  -3.8063076e+01  -6.0699900e-01   7.1506900e-01  -5.4000000e-04   4.5800000e-04  -6.9905300e-01
   5.8424200e-01  -3.9354519e+01  -6.0668100e-01   7.1535300e-01  -1.5770000e-03  -4.3100000e-04  -6.9876100e-01
   6.1312100e-01  -4.0650146e+01  -6.0539200e-01   7.1509400e-01  -1.7500000e-04   4.8200000e-04  -6.9902800e-01
   6.3904400e-01  -4.1938652e+01  -6.0575000e-01   7.1440700e-01  -1.1100000e-04  -5.2700000e-04  -6.9973000e-01
   6.6454700e-01  -4.3229527e+01  -6.0638900e-01   7.1370800e-01   8.8200000e-04  -2.9200000e-04  -7.0044200e-01
   6.8601700e-01  -4.4513401e+01  -6.0642200e-01   7.1309700e-01   6.2000000e-05  -1.2440000e-03  -7.0106500e-01
   7.0706900e-01  -4.5769825e+01  -6.0593100e-01   7.1256600e-01  -1.6400000e-04  -1.6410000e-03  -7.0160300e-01
   7.2736900e-01  -4.6992390e+01  -6.0530000e-01   7.1281600e-01  -7.1500000e-04  -1.4320000e-03  -7.0135000e-01
   7.4201400e-01  -4.8179981e+01  -6.0521700e-01   7.1148300e-01  -9.9600000e-04  -1.6120000e-03  -7.0270000e-01
   7.5691700e-01  -4.9330860e+01  -6.0515000e-01   7.1172400e-01  -1.2670000e-03  -1.7220000e-03  -7.0245600e-01
   7.7078500e-01  -5.0443897e+01  -6.0515200e-01   7.1123200e-01  -1.4650000e-03  -1.7730000e-03  -7.0295300e-01
   7.8433500e-01  -5.1519470e+01  -6.0596200e-01   7.1158200e-01  -1.5450000e-03  -1.3200000e-03  -7.0260000e-01
   7.9673400e-01  -5.2560215e+01  -6.0628100e-01   7.1103400e-01  -1.7330000e-03  -8.8200000e-04  -7.0315500e-01
   8.0893400e-01  -5.3574142e+01  -6.0690300e-01   7.1167800e-01  -2.0080000e-03  -5.8600000e-04  -7.0250300e-01
   8.2012700e-01  -5.4570862e+01  -6.0650700e-01   7.1085800e-01  -2.3230000e-03  -6.9300000e-04  -7.0333200e-01
   8.3182700e-01  -5.5558140e+01  -6.0656800e-01   7.1179000e-01  -2.0280000e-03  -5.6500000e-04  -7.0238900e-01
   8.4135500e-01  -5.6538631e+01  -6.0048000e-01   7.1053400e-01  -2.2470000e-03  -1.4050000e-03  -7.0365800e-01
   8.5076300e-01  -5.7521221e+01  -6.0009800e-01   7.1119900e-01  -1.9800000e-03  -2.1460000e-03  -7.0298500e-01
   8.5998600e-01  -5.8508812e+01  -5.9342900e-01   7.1067500e-01   8.7500000e-04   4.9700000e-04  -7.0352000e-01
   8.6964400e-01  -5.9489872e+01  -5.9490300e-01   7.1160000e-01   1.1000000e-05  -2.9400000e-04  -7.0258500e-01
   8.8058100e-01  -6.0477631e+01  -5.9524900e-01   7.1117100e-01   3.3600000e-04   2.7500000e-04  -7.0301900e-01
   8.9294500e-01  -6.1496181e+01  -5.9555000e-01   7.1174000e-01   7.2700000e-04   7.8100000e-04  -7.0244200e-01
   9.0583400e-01  -6.2546459e+01  -5.9575000e-01   7.1125800e-01   1.0020000e-03   1.1050000e-03  -7.0293000e-01
   9.1934700e-01  -6.3627827e+01  -5.9587800e-01   7.1173800e-01   1.2090000e-03   1.2740000e-03  -7.0244300e-01
   9.3316200e-01  -6.4739708e+01  -5.9595800e-01   7.1129600e-01   1.3290000e-03   1.3830000e-03  -7.0289000e-01
   9.3635200e-01  -6.5881035e+01  -5.9600500e-01   7.0882000e-01   1.8260000e-03   9.9700000e-04  -7.0538700e-01
   9.4004900e-01  -6.7051659e+01  -5.9603600e-01   7.0760900e-01   1.8600000e-03   1.0440000e-03  -7.0660200e-01
   9.4279900e-01  -6.8249580e+01  -5.9602400e-01   7.0788500e-01   1.7580000e-03   1.0360000e-03  -7.0632500e-01
   9.4493500e-01  -6.9467384e+01  -5.9596800e-01   7.0750700e-01   1.5080000e-03   9.7300000e-04  -7.0670400e-01
   9.4708300e-01  -7.0693214e+01  -5.9588900e-01   7.0786100e-01   1.2090000e-03   8.3600000e-04  -7.0635000e-01
   9.4914300e-01  -7.1913811e+01  -5.9560800e-01   7.0751300e-01   4.2800000e-04   2.0100000e-04  -7.0670100e-01
   9.5175300e-01  -7.3119904e+01  -6.0108300e-01   7.0795200e-01   1.8410000e-03   1.7190000e-03  -7.0625600e-01
   9.5416500e-01  -7.4298721e+01  -6.0067000e-01   7.0762500e-01   1.2470000e-03   1.1770000e-03  -7.0658600e-01
   9.5617700e-01  -7.5457748e+01  -6.0616900e-01   7.0815900e-01  -6.3900000e-04  -7.3800000e-04  -7.0605200e-01
   9.5863400e-01  -7.6610161e+01  -6.0597700e-01   7.0769400e-01  -4.4200000e-04  -4.5300000e-04  -7.0651800e-01
   9.6166600e-01  -7.7757179e+01  -6.0606500e-01   7.0840100e-01  -4.0700000e-04  -1.9600000e-04  -7.0581100e-01
   9.6420000e-01  -7.8901230e+01  -6.0582400e-01   7.0760500e-01  -2.7800000e-04  -2.1200000e-04  -7.0660800e-01
   9.6732300e-01  -8.0045372e+01  -6.0603600e-01   7.0840000e-01  -2.9000000e-04  -2.3000000e-05  -7.0581100e-01
   9.6988100e-01  -8.1190857e+01  -6.0579600e-01   7.0765500e-01  -8.4000000e-05  -2.9000000e-05  -7.0655800e-01
   9.7313100e-01  -8.2332634e+01  -6.0593300e-01   7.0844600e-01  -5.6000000e-05  -3.4000000e-05  -7.0576500e-01
   9.7633500e-01  -8.3470253e+01  -6.0703900e-01   7.0762900e-01  -7.6000000e-05   6.7600000e-04  -7.0658400e-01
   9.7920600e-01  -8.4604988e+01  -6.0703100e-01   7.0843400e-01  -3.0600000e-04   7.8900000e-04  -7.0577700e-01
   9.7905400e-01  -8.5740036e+01  -6.0830100e-01   7.0686400e-01  -8.4400000e-04   1.0120000e-03  -7.0734800e-01
   9.7782300e-01  -8.6898453e+01  -6.0724400e-01   7.0702800e-01  -4.4400000e-04   1.0880000e-03  -7.0718500e-01
   9.7311100e-01  -8.8084839e+01  -6.0725300e-01   7.0564600e-01  -2.0000000e-05   1.0320000e-03  -7.0856400e-01
   9.6814600e-01  -8.9299980e+01  -6.0612900e-01   7.0587300e-01   1.0280000e-03   9.9600000e-04  -7.0833700e-01
   9.6353800e-01  -9.0542358e+01  -6.0617600e-01   7.0551200e-01   1.4380000e-03   1.0150000e-03  -7.0869600e-01
   9.5878500e-01  -9.1811951e+01  -6.0622500e-01   7.0585900e-01   1.5090000e-03   1.0690000e-03  -7.0835000e-01
   9.5378400e-01  -9.3108994e+01  -6.0663300e-01   7.0555300e-01   1.5810000e-03   1.3650000e-03  -7.0865400e-01
   9.4838000e-01  -9.4430519e+01  -6.0624400e-01   7.0583300e-01   1.3780000e-03   1.2030000e-03  -7.0837500e-01
   9.4309600e-01  -9.5767998e+01  -6.0652800e-01   7.0557200e-01   9.1000000e-04   9.9200000e-04  -7.0863700e-01
   9.3758100e-01  -9.7053658e+01  -6.0544800e-01   7.0581700e-01  -7.2200000e-04  -7.8000000e-04  -7.0839300e-01
   9.3260200e-01  -9.8260689e+01  -6.0500300e-01   7.0549400e-01  -1.8180000e-03  -1.8870000e-03  -7.0871100e-01
   9.2816400e-01  -9.9425270e+01  -6.0628500e-01   7.0581200e-01  -1.3540000e-03  -7.9900000e-04  -7.0839800e-01
   9.2294700e-01  -1.0059234e+02  -6.0662900e-01   7.0546700e-01  -9.6400000e-04   4.5000000e-05  -7.0874200e-01
   9.1827200e-01  -1.0175221e+02  -6.0768800e-01   7.0579600e-01  -1.8670000e-03   9.3000000e-05  -7.0841300e-01
   9.1104000e-01  -1.0288380e+02  -6.0655200e-01   7.0378500e-01  -2.2090000e-03  -5.3300000e-04  -7.1041000e-01
   9.0052800e-01  -1.0398603e+02  -6.0642500e-01   7.0239200e-01  -2.0790000e-03  -1.0260000e-03  -7.1178700e-01
   8.8652000e-01  -1.0506479e+02  -5.9966400e-01   7.0164500e-01  -2.9060000e-03  -3.1540000e-03  -7.1251400e-01
   8.7229600e-01  -1.0613206e+02  -5.9999100e-01   7.0217400e-01  -2.1200000e-03  -2.8890000e-03  -7.1199700e-01
   8.5765400e-01  -1.0719325e+02  -5.9472800e-01   7.0126100e-01  -6.6300000e-04  -1.3540000e-03  -7.1290300e-01
   8.4256900e-01  -1.0824140e+02  -5.9477000e-01   7.0188400e-01  -3.1700000e-04  -9.3500000e-04  -7.1229100e-01
   8.2622500e-01  -1.0927258e+02  -5.9489400e-01   7.0105900e-01  -4.8200000e-04  -9.8300000e-04  -7.1310200e-01
   8.1014900e-01  -1.1028111e+02  -5.9493200e-01   7.0163700e-01  -7.0700000e-04  -1.0960000e-03  -7.1253300e-01
   7.9403100e-01  -1.1126238e+02  -5.9493200e-01   7.0097200e-01  -9.5200000e-04  -1.2060000e-03  -7.1318700e-01
   7.9026400e-01  -1.1221345e+02  -5.9491100e-01   7.0452800e-01  -1.5810000e-03  -8.9900000e-04  -7.0967400e-01
   8.0271000e-01  -1.1313160e+02  -5.9487400e-01   7.0972900e-01  -2.5330000e-03  -2.9100000e-04  -7.0447000e-01
   8.4010500e-01  -1.1401503e+02  -5.9485300e-01   7.1915600e-01  -3.2410000e-03   1.9400000e-04  -6.9484100e-01
   8.7849900e-01  -1.1486472e+02  -5.9483600e-01   7.2227300e-01  -3.3440000e-03   1.0700000e-04  -6.9160000e-01
   9.3455500e-01  -1.1567982e+02  -5.9482600e-01   7.2825000e-01  -3.4160000e-03   7.6000000e-05  -6.8530300e-01
   1.0025100e+00  -1.1645949e+02  -5.9480900e-01   7.3417000e-01  -3.7880000e-03   2.5800000e-04  -6.7895500e-01
   1.1166220e+00  -1.1719973e+02  -5.9480200e-01   7.5002500e-01  -5.3300000e-03   1.4800000e-03  -6.6138600e-01
   1.2745630e+00  -1.1790281e+02  -5.9485900e-01   7.6843000e-01  -6.5620000e-03   2.6180000e-03  -6.3989500e-01
   1.4637820e+00  -1.1857015e+02  -5.9484200e-01   7.8504200e-01  -7.0910000e-03   2.7690000e-03  -6.1939500e-01
   1.6407910e+00  -1.1921764e+02  -5.9492500e-01   7.9087600e-01  -5.1690000e-03   1.5450000e-03  -6.1195200e-01
   1.8083010e+00  -1.1984309e+02  -5.9499100e-01   7.9201200e-01  -3.5010000e-03   4.8100000e-04  -6.1049500e-01
   1.9965170e+00  -1.2044434e+02  -6.0036500e-01   7.9887300e-01  -2.0360000e-03   2.1280000e-03  -6.0149200e-01
   2.2193970e+00  -1.2100178e+02  -6.0047100e-01   8.1226500e-01  -3.3040000e-03   3.5310000e-03  -5.8326900e-01
   2.4698760e+00  -1.2152562e+02  -6.0054400e-01   8.2862000e-01  -4.1320000e-03   4.2260000e-03  -5.5978000e-01
   2.7363010e+00  -1.2201329e+02  -6.0571100e-01   8.4273200e-01  -4.8010000e-03   1.9970000e-03  -5.3830800e-01
   3.0267240e+00  -1.2247769e+02  -6.0521400e-01   8.5764100e-01  -3.1570000e-03   2.9000000e-03  -5.1423200e-01
   3.3364470e+00  -1.2291419e+02  -6.0806900e-01   8.6880100e-01  -5.1180000e-03   2.7290000e-03  -4.9512700e-01
   3.6517140e+00  -1.2332300e+02  -6.0807300e-01   8.8120000e-01  -4.8780000e-03   2.7150000e-03  -4.7271200e-01
   3.9950520e+00  -1.2371560e+02  -6.1066100e-01   8.9357800e-01  -4.0760000e-03   3.3400000e-03  -4.4887700e-01
   4.3763100e+00  -1.2410802e+02  -6.1066000e-01   9.0592800e-01  -5.0480000e-03   3.0470000e-03  -4.2339100e-01
   4.8031580e+00  -1.2450085e+02  -6.1060100e-01   9.1801100e-01  -5.5730000e-03   3.2710000e-03  -3.9650200e-01
   5.2645380e+00  -1.2488453e+02  -6.1048400e-01   9.2872600e-01  -6.0730000e-03   2.3320000e-03  -3.7071100e-01
   5.7525180e+00  -1.2524438e+02  -6.0911300e-01   9.3942100e-01  -6.0240000e-03   2.2400000e-03  -3.4270500e-01
   6.2630560e+00  -1.2557624e+02  -6.0870600e-01   9.4908100e-01  -6.0310000e-03   2.4570000e-03  -3.1496500e-01
   6.8269670e+00  -1.2589652e+02  -6.0829600e-01   9.5816600e-01  -6.9840000e-03   2.3960000e-03  -2.8611900e-01
   7.4454860e+00  -1.2620236e+02  -6.0851400e-01   9.6714300e-01  -7.3960000e-03   2.9410000e-03  -2.5410900e-01
   8.1159320e+00  -1.2648704e+02  -6.0736600e-01   9.7476000e-01  -7.1540000e-03   3.3300000e-03  -2.2311700e-01
   8.8375550e+00  -1.2674075e+02  -6.0659200e-01   9.8174700e-01  -8.3230000e-03   4.1740000e-03  -1.8996300e-01
   9.6061020e+00  -1.2696075e+02  -6.0626600e-01   9.8744200e-01  -9.1270000e-03   3.7100000e-03  -1.5767200e-01
   1.0421589e+01  -1.2713957e+02  -6.0632400e-01   9.9231100e-01  -9.7350000e-03   3.4850000e-03  -1.2333400e-01
   1.1279214e+01  -1.2727129e+02  -6.0741700e-01   9.9582800e-01  -1.0972000e-02   3.3360000e-03  -9.0531000e-02
   1.2173047e+01  -1.2739024e+02  -6.0749400e-01   9.9745200e-01  -9.3720000e-03   3.5640000e-03  -7.0635000e-02
   1.3098267e+01  -1.2751108e+02  -6.0785100e-01   9.9781800e-01  -7.4740000e-03   2.9850000e-03  -6.5526000e-02
   1.4055864e+01  -1.2763313e+02  -6.0723300e-01   9.9801900e-01  -5.0800000e-03   2.2170000e-03  -6.2662000e-02
   1.5046597e+01  -1.2773843e+02  -6.0833400e-01   9.9843200e-01  -4.9330000e-03   1.5780000e-03  -5.5729000e-02
   1.6070580e+01  -1.2780300e+02  -6.0681200e-01   9.9935700e-01  -5.7220000e-03   2.2490000e-03  -3.5316000e-02
   1.7124638e+01  -1.2785705e+02  -6.0648000e-01   9.9966400e-01  -4.7090000e-03   2.4040000e-03  -2.5388000e-02
   1.8209295e+01  -1.2790981e+02  -6.0761400e-01   9.9972700e-01  -3.8620000e-03   2.8730000e-03  -2.2873000e-02
   1.9322958e+01  -1.2796199e+02  -6.0752000e-01   9.9972100e-01  -3.0020000e-03   2.7590000e-03  -2.3244000e-02
   2.0465322e+01  -1.2801390e+02  -6.0878500e-01   9.9973900e-01  -2.8330000e-03   2.1790000e-03  -2.2541000e-02
   2.1637320e+01  -1.2806796e+02  -6.0878700e-01   9.9972600e-01  -2.4870000e-03   2.2110000e-03  -2.3159000e-02
   2.2836544e+01  -1.2812346e+02  -6.0741900e-01   9.9974000e-01  -1.5750000e-03   1.5610000e-03  -2.2682000e-02
   2.4060822e+01  -1.2818039e+02  -6.0069400e-01   9.9973300e-01  -4.6100000e-04  -6.4600000e-04  -2.3100000e-02
   2.5316504e+01  -1.2823766e+02  -6.0082700e-01   9.9974300e-01   8.0000000e-06  -1.5000000e-04  -2.2652000e-02
   2.6601513e+01  -1.2829596e+02  -5.9545900e-01   9.9973000e-01   1.4700000e-04   1.6030000e-03  -2.3198000e-02
   2.7912174e+01  -1.2835582e+02  -5.9558400e-01   9.9973600e-01   1.9700000e-04   2.1970000e-03  -2.2881000e-02
   2.9224619e+01  -1.2841625e+02  -5.9543800e-01   9.9972900e-01   1.6100000e-04   1.0440000e-03  -2.3275000e-02
   3.0540972e+01  -1.2847684e+02  -5.9564800e-01   9.9973700e-01   1.4900000e-04   1.3570000e-03  -2.2889000e-02
   3.1882221e+01  -1.2853870e+02  -5.9576500e-01   9.9972900e-01   1.1900000e-04   1.5140000e-03  -2.3242000e-02
   3.3252518e+01  -1.2860187e+02  -5.9587200e-01   9.9973700e-01   1.1000000e-04   1.7110000e-03  -2.2857000e-02
   3.4644085e+01  -1.2864983e+02  -5.9585000e-01   9.9985400e-01  -9.3600000e-04   1.5400000e-03  -1.6970000e-02
   3.6044880e+01  -1.2868690e+02  -5.9576700e-01   9.9993600e-01  -1.4090000e-03   1.1730000e-03  -1.1168000e-02
   3.7444035e+01  -1.2872029e+02  -5.9564600e-01   9.9994500e-01  -1.4400000e-03   6.9000000e-04  -1.0362000e-02
   3.8834488e+01  -1.2874992e+02  -5.9553100e-01   9.9995100e-01  -1.2270000e-03   2.3700000e-04  -9.8010000e-03
   4.0214760e+01  -1.2877789e+02  -6.0052800e-01   9.9994800e-01  -8.9900000e-04   1.6540000e-03  -1.0028000e-02
   4.1579117e+01  -1.2880486e+02  -6.0136800e-01   9.9995100e-01  -4.4900000e-04   2.2770000e-03  -9.6350000e-03
   4.2927036e+01  -1.2883128e+02  -6.0727500e-01   9.9994900e-01   2.7100000e-04  -1.9300000e-04  -1.0075000e-02
   4.4273697e+01  -1.2885738e+02  -6.0747900e-01   9.9995200e-01   5.3900000e-04  -1.1110000e-03  -9.6670000e-03
   4.5614574e+01  -1.2888348e+02  -6.0663400e-01   9.9994900e-01   7.5400000e-04  -8.5300000e-04  -1.0056000e-02
   4.6937748e+01  -1.2890883e+02  -6.0569800e-01   9.9995300e-01   1.5500000e-04  -6.4100000e-04  -9.7020000e-03
   4.8255257e+01  -1.2893523e+02  -6.0571800e-01   9.9994800e-01  -4.0000000e-06  -4.1600000e-04  -1.0229000e-02
   4.9573856e+01  -1.2896149e+02  -6.0575100e-01   9.9995400e-01  -2.4000000e-05  -2.0900000e-04  -9.6400000e-03
   5.0889046e+01  -1.2898587e+02  -6.0571400e-01   9.9995500e-01  -1.8400000e-04  -2.7600000e-04  -9.5040000e-03
   5.2194138e+01  -1.2899950e+02  -6.0689200e-01   9.9998600e-01  -1.0890000e-03   4.6000000e-05  -5.1730000e-03
   5.3482864e+01  -1.2900990e+02  -6.0676600e-01   9.9999200e-01  -1.5600000e-03  -1.8000000e-04  -3.5950000e-03
   5.4751362e+01  -1.2901897e+02  -6.0665400e-01   9.9999400e-01  -1.6410000e-03  -1.4730000e-03  -2.5550000e-03
   5.6001179e+01  -1.2902724e+02  -6.0548700e-01   9.9999400e-01  -1.2640000e-03  -1.0260000e-03  -2.9930000e-03
   5.7237518e+01  -1.2903426e+02  -6.0540800e-01   9.9999600e-01  -4.9000000e-04  -1.0270000e-03  -2.3830000e-03
   5.8476063e+01  -1.2904138e+02  -6.0682500e-01   9.9999600e-01   3.9400000e-04   2.5400000e-04  -2.9210000e-03
   5.9683918e+01  -1.2904742e+02  -6.0607500e-01   9.9999600e-01   6.5500000e-04  -1.1270000e-03  -2.4230000e-03
   6.0855122e+01  -1.2905370e+02  -6.0645400e-01   9.9999200e-01   9.8700000e-04  -2.2270000e-03  -3.0520000e-03
   6.1999565e+01  -1.2905939e+02  -6.0591400e-01   9.9999500e-01   9.2700000e-04  -1.9130000e-03  -2.5050000e-03
   6.3123943e+01  -1.2906534e+02  -6.0526900e-01   9.9999400e-01   2.0500000e-04  -1.4640000e-03  -3.2850000e-03
   6.4235802e+01  -1.2907181e+02  -6.0537800e-01   9.9999700e-01   2.0000000e-05  -1.1790000e-03  -2.2950000e-03
   6.5340225e+01  -1.2907843e+02  -6.0547300e-01   9.9999400e-01  -4.8000000e-05  -9.0100000e-04  -3.4610000e-03
   6.6440254e+01  -1.2908461e+02  -6.0555800e-01   9.9999700e-01  -2.5000000e-05  -6.4100000e-04  -2.2570000e-03
   6.7539040e+01  -1.2909106e+02  -6.0563600e-01   9.9999400e-01  -2.8000000e-05  -3.9100000e-04  -3.4510000e-03
   6.8639854e+01  -1.2909723e+02  -6.0571100e-01   9.9999700e-01   8.0000000e-06  -1.4400000e-04  -2.2900000e-03
   6.9739952e+01  -1.2910359e+02  -6.0571600e-01   9.9999400e-01  -3.0000000e-06  -1.3700000e-04  -3.3860000e-03
   7.0841667e+01  -1.2910963e+02  -6.0582400e-01   9.9999700e-01   2.1000000e-05   2.4300000e-04  -2.4280000e-03
   7.1971001e+01  -1.2911578e+02  -6.0603000e-01   9.9999500e-01   3.0000000e-06   9.7500000e-04  -2.9630000e-03
   7.3132652e+01  -1.2912196e+02  -6.0616300e-01   9.9999600e-01   2.1000000e-05   1.4480000e-03  -2.4240000e-03
   7.4325470e+01  -1.2912849e+02  -6.0623600e-01   9.9999400e-01   2.0000000e-05   1.7060000e-03  -2.9820000e-03
   7.5543770e+01  -1.2913503e+02  -6.0623200e-01   9.9999600e-01   3.5000000e-05   1.6920000e-03  -2.4490000e-03
   7.6778664e+01  -1.2914177e+02  -6.0616300e-01   9.9999500e-01   2.8000000e-05   1.4440000e-03  -2.9470000e-03
   7.8022507e+01  -1.2914841e+02  -6.0609100e-01   9.9999600e-01   3.5000000e-05   1.1860000e-03  -2.4460000e-03
   7.9276230e+01  -1.2914882e+02  -6.0606600e-01   9.9999900e-01  -3.3000000e-04   1.0960000e-03  -5.9600000e-04
   8.0543358e+01  -1.2914812e+02  -6.0607100e-01   9.9999900e-01  -3.6600000e-04   1.1160000e-03   9.5900000e-04
   8.1821434e+01  -1.2914659e+02  -6.0594300e-01   9.9999900e-01  -3.3900000e-04   6.6200000e-04   6.9600000e-04
   8.3100777e+01  -1.2914432e+02  -6.0600300e-01   9.9999900e-01  -2.5900000e-04   8.6900000e-04   1.1630000e-03
   8.4365036e+01  -1.2914163e+02  -6.0679500e-01   1.0000000e+00  -6.0600000e-04   2.6000000e-04   6.7400000e-04
   8.5602158e+01  -1.2913963e+02  -6.0600700e-01   9.9999900e-01  -6.8200000e-04  -5.9300000e-04   1.1080000e-03
   8.6807800e+01  -1.2913748e+02  -6.0658900e-01   9.9999800e-01  -8.2700000e-04  -1.8000000e-03   6.9300000e-04
   8.7978561e+01  -1.2913590e+02  -5.9859600e-01   9.9998600e-01  -7.4300000e-04  -5.0780000e-03   1.0730000e-03
   8.9121857e+01  -1.2913480e+02  -5.9978300e-01   9.9999100e-01  -1.0100000e-04  -4.1300000e-03   4.1700000e-04
   9.0230850e+01  -1.2913284e+02  -5.9289500e-01   9.9999900e-01   4.5000000e-05  -9.2500000e-04   5.4600000e-04
   9.1297165e+01  -1.2913135e+02  -5.9431700e-01   9.9999700e-01   1.0200000e-04  -2.3440000e-03   3.0000000e-05
   9.2332169e+01  -1.2913034e+02  -5.9452700e-01   9.9999700e-01   1.4100000e-04  -2.1710000e-03   5.6600000e-04
   9.3343872e+01  -1.2912981e+02  -5.9472700e-01   9.9999800e-01   1.2700000e-04  -1.8940000e-03   1.0000000e-06
   9.4341393e+01  -1.2912926e+02  -5.9491800e-01   9.9999900e-01   1.0700000e-04  -1.5000000e-03   2.9000000e-04
   9.5329781e+01  -1.2912883e+02  -5.9506400e-01   9.9999900e-01   8.1000000e-05  -1.1640000e-03   2.0200000e-04
   9.6311806e+01  -1.2912840e+02  -5.9518200e-01   1.0000000e+00   6.2000000e-05  -8.6800000e-04   2.4300000e-04
   9.7290596e+01  -1.2912797e+02  -5.9528100e-01   1.0000000e+00   4.8000000e-05  -5.9400000e-04   1.8500000e-04
   9.8268250e+01  -1.2912755e+02  -5.9534900e-01   1.0000000e+00   4.1000000e-05  -4.0300000e-04   2.1800000e-04
   9.9244331e+01  -1.2912718e+02  -5.9539500e-01   1.0000000e+00   3.8000000e-05  -2.7400000e-04   1.6200000e-04
   1.0023727e+02  -1.2912700e+02  -5.9564300e-01   1.0000000e+00   5.8000000e-05   5.8800000e-04   2.4300000e-04
   1.0126261e+02  -1.2912729e+02  -5.9581500e-01   9.9999900e-01   6.2000000e-05   1.1890000e-03  -5.0200000e-04
   1.0231865e+02  -1.2912747e+02  -5.9591400e-01   9.9999900e-01   7.2000000e-05   1.5330000e-03   2.1200000e-04
   1.0340099e+02  -1.2912782e+02  -5.9592900e-01   9.9999900e-01   4.9000000e-05   1.5820000e-03  -4.4900000e-04
   1.0450214e+02  -1.2912732e+02  -6.0149900e-01   9.9999200e-01   1.6000000e-05   3.9780000e-03   3.9100000e-04
   1.0560268e+02  -1.2912703e+02  -6.0136400e-01   9.9999500e-01   6.9000000e-05   3.2910000e-03  -2.4000000e-04
   1.0669766e+02  -1.2912753e+02  -6.0771400e-01   9.9999900e-01   7.4100000e-04   7.6500000e-04   1.0160000e-03
   1.0778477e+02  -1.2912645e+02  -6.0679200e-01   1.0000000e+00   6.7400000e-04   2.2500000e-04   1.0500000e-04
   1.0885796e+02  -1.2912538e+02  -6.0712500e-01   9.9999800e-01   1.0010000e-03  -8.9600000e-04   1.4700000e-03
   1.0992903e+02  -1.2912381e+02  -6.0696300e-01   9.9999900e-01   9.6400000e-04  -5.8200000e-04   2.1000000e-04
   1.1099314e+02  -1.2912143e+02  -6.0562200e-01   1.0000000e+00   2.0400000e-04  -6.8000000e-04   6.7900000e-04
   1.1202286e+02  -1.2912032e+02  -6.0544700e-01   9.9999900e-01  -3.1000000e-05  -1.1980000e-03   9.9400000e-04
   1.1302016e+02  -1.2911888e+02  -6.0534400e-01   9.9999900e-01  -1.0100000e-04  -1.5400000e-03   6.6100000e-04
   1.1398543e+02  -1.2910152e+02  -6.0526500e-01   9.9997200e-01  -1.0740000e-03  -1.8070000e-03   7.1390000e-03
   1.1491439e+02  -1.2904160e+02  -6.0517600e-01   9.9966000e-01  -3.4320000e-03  -2.1920000e-03   2.5770000e-02
   1.1580448e+02  -1.2892992e+02  -6.0644400e-01   9.9855300e-01  -6.4390000e-03  -1.9250000e-03   5.3350000e-02
   1.1665283e+02  -1.2877202e+02  -6.0630000e-01   9.9658300e-01  -8.5050000e-03  -2.5010000e-03   8.2120000e-02
   1.1745923e+02  -1.2856897e+02  -6.0663300e-01   9.9369600e-01  -9.7730000e-03  -2.9800000e-03   1.1164100e-01
   1.1822156e+02  -1.2832568e+02  -6.0630200e-01   9.9004900e-01  -1.0323000e-02  -4.3310000e-03   1.4027800e-01
   1.1894003e+02  -1.2804561e+02  -6.0628500e-01   9.8550000e-01  -1.0350000e-02  -4.5400000e-03   1.6930000e-01
   1.1961224e+02  -1.2773340e+02  -6.0621900e-01   9.8021700e-01  -1.0035000e-02  -5.0130000e-03   1.9760900e-01
   1.2024184e+02  -1.2739317e+02  -6.0485100e-01   9.7404100e-01  -9.2800000e-03  -4.2300000e-03   2.2614100e-01
   1.2083249e+02  -1.2704088e+02  -6.0509100e-01   9.6879700e-01  -7.3440000e-03  -4.0990000e-03   2.4771400e-01
   1.2141311e+02  -1.2671461e+02  -6.0780000e-01   9.6772700e-01  -4.0750000e-03  -1.8970000e-03   2.5196200e-01
   1.2196420e+02  -1.2638534e+02  -6.0761300e-01   9.6605200e-01  -3.2270000e-03  -1.7980000e-03   2.5832100e-01
   1.2247269e+02  -1.2603377e+02  -6.0753900e-01   9.6085800e-01  -4.1540000e-03  -2.2550000e-03   2.7700200e-01
   1.2293287e+02  -1.2566635e+02  -6.0893600e-01   9.5361800e-01  -4.4640000e-03  -3.2780000e-03   3.0097000e-01
   1.2335294e+02  -1.2528601e+02  -6.1006700e-01   9.4467100e-01  -4.9940000e-03  -3.5670000e-03   3.2796100e-01
   1.2373749e+02  -1.2490106e+02  -6.0986400e-01   9.3685300e-01  -4.9440000e-03  -4.1730000e-03   3.4966300e-01
   1.2408705e+02  -1.2451025e+02  -6.0975600e-01   9.2701100e-01  -4.6730000e-03  -4.4150000e-03   3.7497900e-01
   1.2440319e+02  -1.2412131e+02  -6.0977500e-01   9.1803500e-01  -4.2670000e-03  -4.1520000e-03   3.9645500e-01
   1.2468881e+02  -1.2373798e+02  -6.0128600e-01   9.0869000e-01  -3.1030000e-03  -4.0900000e-03   4.1743900e-01
   1.2494469e+02  -1.2335849e+02  -6.0124200e-01   8.9902600e-01  -2.5550000e-03  -3.6630000e-03   4.3787200e-01
   1.2517144e+02  -1.2298556e+02  -6.0095900e-01   8.8948400e-01  -2.4310000e-03  -4.1090000e-03   4.5694200e-01
   1.2537060e+02  -1.2262211e+02  -6.0153500e-01   8.7979600e-01  -2.2310000e-03  -4.1890000e-03   4.7532700e-01
   1.2554382e+02  -1.2226811e+02  -6.0202200e-01   8.6984700e-01  -2.0280000e-03  -4.1050000e-03   4.9330100e-01
   1.2569148e+02  -1.2192677e+02  -6.0233500e-01   8.5939900e-01  -1.7550000e-03  -4.0670000e-03   5.1128600e-01
   1.2581726e+02  -1.2159313e+02  -6.0141800e-01   8.4873300e-01  -1.3400000e-03  -3.0830000e-03   5.2881100e-01
   1.2592409e+02  -1.2125646e+02  -6.0068600e-01   8.3718100e-01  -1.8780000e-03  -2.5190000e-03   5.4691700e-01
   1.2601873e+02  -1.2090611e+02  -6.0071400e-01   8.2474100e-01  -2.4390000e-03  -2.1370000e-03   5.6550100e-01
   1.2610115e+02  -1.2053786e+02  -6.0089200e-01   8.1145400e-01  -2.7890000e-03  -1.9120000e-03   5.8440700e-01
   1.2617092e+02  -1.2014780e+02  -6.0107700e-01   7.9733200e-01  -3.1170000e-03  -1.7170000e-03   6.0353100e-01
   1.2622606e+02  -1.1973570e+02  -6.0119700e-01   7.8236100e-01  -3.3570000e-03  -1.6940000e-03   6.2281400e-01
   1.2626482e+02  -1.1929983e+02  -6.0130000e-01   7.6658900e-01  -3.6210000e-03  -1.7040000e-03   6.4212500e-01
   1.2628469e+02  -1.1884104e+02  -6.0135700e-01   7.5000300e-01  -3.8270000e-03  -1.8450000e-03   6.6142100e-01
   1.2628289e+02  -1.1835892e+02  -6.0140800e-01   7.3253100e-01  -4.0680000e-03  -2.0260000e-03   6.8071900e-01
   1.2625282e+02  -1.1785409e+02  -6.1314600e-01   7.1395500e-01  -4.6630000e-03  -2.4550000e-03   7.0017100e-01
   1.2619223e+02  -1.1732689e+02  -6.0938700e-01   6.9376200e-01  -5.3880000e-03  -2.5200000e-03   7.2018000e-01
   1.2613798e+02  -1.1677209e+02  -6.0836700e-01   6.8467700e-01  -4.0060000e-03  -1.1210000e-03   7.2883400e-01
   1.2613161e+02  -1.1618754e+02  -6.0771600e-01   6.9347400e-01  -1.3200000e-03   1.8220000e-03   7.2047800e-01
   1.2617247e+02  -1.1559534e+02  -6.0716000e-01   7.1146600e-01   1.4510000e-03   3.9500000e-03   7.0270800e-01
   1.2624677e+02  -1.1501163e+02  -6.0649800e-01   7.2989000e-01   3.5190000e-03   4.0260000e-03   6.8354400e-01
   1.2630738e+02  -1.1439795e+02  -6.0667600e-01   7.3540500e-01   1.3110000e-03   3.7680000e-03   6.7761600e-01
   1.2636721e+02  -1.1374586e+02  -6.0652200e-01   7.3757700e-01   2.8900000e-04   2.7190000e-03   6.7525700e-01
   1.2645455e+02  -1.1305421e+02  -6.0652300e-01   7.4341100e-01   3.4600000e-04   3.1590000e-03   6.6882800e-01
   1.2654082e+02  -1.1232484e+02  -6.0658900e-01   7.4627200e-01  -5.1700000e-04   2.9720000e-03   6.6563400e-01
   1.2662885e+02  -1.1155871e+02  -6.0655300e-01   7.4604000e-01  -1.0510000e-03   2.5160000e-03   6.6589600e-01
   1.2672105e+02  -1.1075734e+02  -6.0654600e-01   7.4645600e-01  -1.4030000e-03   2.2810000e-03   6.6542900e-01
   1.2681711e+02  -1.0992073e+02  -6.0648200e-01   7.4604400e-01  -1.4460000e-03   2.0170000e-03   6.6589200e-01
   1.2691729e+02  -1.0904874e+02  -6.0646700e-01   7.4668700e-01  -1.5410000e-03   1.9130000e-03   6.6517100e-01
   1.2702107e+02  -1.0814378e+02  -6.0646700e-01   7.4602300e-01  -1.5890000e-03   1.9070000e-03   6.6591600e-01
   1.2712869e+02  -1.0720675e+02  -6.0645500e-01   7.4654900e-01  -1.6020000e-03   1.8570000e-03   6.6532600e-01
   1.2723978e+02  -1.0623780e+02  -6.0643200e-01   7.4605700e-01  -1.5540000e-03   1.8070000e-03   6.6587800e-01
   1.2735339e+02  -1.0524243e+02  -6.0105200e-01   7.4645300e-01   1.2500000e-04   2.7900000e-04   6.6543800e-01
   1.2747121e+02  -1.0421374e+02  -6.0103400e-01   7.4600600e-01   8.9000000e-05   4.5000000e-05   6.6593900e-01
   1.2759318e+02  -1.0315074e+02  -5.9494000e-01   7.4659700e-01  -1.3010000e-03   2.3560000e-03   6.6527100e-01
   1.2769955e+02  -1.0206199e+02  -5.9564300e-01   7.4140600e-01  -2.1730000e-03   1.0270000e-03   6.7105300e-01
   1.2776041e+02  -1.0094395e+02  -5.9575800e-01   7.2768800e-01  -4.1540000e-03  -1.0570000e-03   6.8589500e-01
   1.2777283e+02  -9.9798615e+01  -5.9585800e-01   7.1046600e-01  -5.7100000e-03  -2.6950000e-03   7.0370400e-01
   1.2777990e+02  -9.8624939e+01  -5.9591900e-01   7.0621500e-01  -5.3150000e-03  -2.3720000e-03   7.0797300e-01
   1.2777853e+02  -9.7422905e+01  -5.9597400e-01   7.0516600e-01  -4.5260000e-03  -1.5680000e-03   7.0902600e-01
   1.2777353e+02  -9.6192902e+01  -5.9600300e-01   7.0545700e-01  -3.6080000e-03  -6.7800000e-04   7.0874300e-01
   1.2776711e+02  -9.4935127e+01  -5.9602700e-01   7.0511400e-01  -2.8220000e-03   1.1000000e-04   7.0908800e-01
   1.2776030e+02  -9.3649956e+01  -5.9603800e-01   7.0543200e-01  -2.2540000e-03   6.5400000e-04   7.0877400e-01
   1.2775319e+02  -9.2337616e+01  -5.9604500e-01   7.0512200e-01  -1.8800000e-03   1.0150000e-03   7.0908300e-01
   1.2774616e+02  -9.1022255e+01  -5.9576000e-01   7.0540900e-01  -9.3800000e-04   4.9500000e-04   7.0880000e-01
   1.2773898e+02  -8.9698151e+01  -6.0297800e-01   7.0512000e-01  -3.5910000e-03   3.3790000e-03   7.0907100e-01
   1.2773356e+02  -8.8359528e+01  -6.0122800e-01   7.0589000e-01  -2.4580000e-03   2.5490000e-03   7.0831200e-01
   1.2773872e+02  -8.6993904e+01  -6.0814200e-01   7.0831300e-01   1.3100000e-04   7.3700000e-04   7.0589800e-01
   1.2774377e+02  -8.5593414e+01  -6.0680500e-01   7.0913000e-01  -8.9200000e-04   1.8170000e-03   7.0507400e-01
   1.2775089e+02  -8.4167671e+01  -6.0661500e-01   7.0905000e-01  -8.5900000e-04   1.7210000e-03   7.0515600e-01
   1.2775898e+02  -8.2714989e+01  -6.0651900e-01   7.0924100e-01  -1.0090000e-03   1.6790000e-03   7.0496300e-01
   1.2776742e+02  -8.1236549e+01  -6.0644200e-01   7.0906000e-01  -1.1080000e-03   1.5850000e-03   7.0514500e-01
   1.2777610e+02  -7.9733856e+01  -6.0638000e-01   7.0920200e-01  -1.1650000e-03   1.4730000e-03   7.0500200e-01
   1.2778487e+02  -7.8207985e+01  -6.0633600e-01   7.0905800e-01  -1.1930000e-03   1.3930000e-03   7.0514800e-01
   1.2779377e+02  -7.6659279e+01  -6.0630500e-01   7.0916800e-01  -1.2090000e-03   1.3340000e-03   7.0503700e-01
   1.2780271e+02  -7.5088036e+01  -6.0628300e-01   7.0905800e-01  -1.2100000e-03   1.2970000e-03   7.0514800e-01
   1.2781175e+02  -7.3500206e+01  -5.9933300e-01   7.0912600e-01   1.3540000e-03  -1.2550000e-03   7.0507900e-01
   1.2782065e+02  -7.1884712e+01  -6.0088300e-01   7.0902100e-01   3.3500000e-04  -2.8500000e-04   7.0518700e-01
   1.2782964e+02  -7.0247421e+01  -5.9539700e-01   7.0906900e-01  -7.9000000e-04   8.5000000e-04   7.0513800e-01
   1.2783868e+02  -6.8589035e+01  -5.9554300e-01   7.0902800e-01  -1.3010000e-03   1.3400000e-03   7.0517800e-01
   1.2784789e+02  -6.6910408e+01  -5.9565100e-01   7.0904500e-01  -1.1690000e-03   1.2070000e-03   7.0516100e-01
   1.2785719e+02  -6.5209595e+01  -5.9577300e-01   7.0901800e-01  -1.2100000e-03   1.2500000e-03   7.0518800e-01
   1.2787296e+02  -6.3487957e+01  -5.9582200e-01   7.1064700e-01  -8.9600000e-04   1.4540000e-03   7.0354700e-01
   1.2789194e+02  -6.1744839e+01  -5.9587700e-01   7.1167200e-01  -8.0500000e-04   1.5860000e-03   7.0251000e-01
   1.2791359e+02  -5.9980747e+01  -5.9589700e-01   7.1194400e-01  -7.4400000e-04   1.5970000e-03   7.0223400e-01
   1.2793716e+02  -5.8195480e+01  -5.9591900e-01   7.1199000e-01  -7.8800000e-04   1.5660000e-03   7.0218800e-01
   1.2796175e+02  -5.6387764e+01  -6.0096900e-01   7.1198200e-01  -2.0250000e-03   2.6550000e-03   7.0218900e-01
   1.2798689e+02  -5.4563370e+01  -6.0690000e-01   7.1191800e-01  -1.2560000e-03   1.9040000e-03   7.0225900e-01
   1.2801202e+02  -5.2718430e+01  -6.0724200e-01   7.1190400e-01  -5.5700000e-04   1.1390000e-03   7.0227600e-01
   1.2803709e+02  -5.0850433e+01  -6.0654300e-01   7.1192900e-01  -1.0450000e-03   1.2960000e-03   7.0225000e-01
   1.2806290e+02  -4.8962543e+01  -6.0641700e-01   7.1192600e-01  -1.0680000e-03   1.2000000e-03   7.0225300e-01
   1.2808903e+02  -4.7053890e+01  -6.0635100e-01   7.1191800e-01  -1.1060000e-03   1.1930000e-03   7.0226100e-01
   1.2811540e+02  -4.5124805e+01  -6.0630200e-01   7.1191000e-01  -1.1120000e-03   1.1770000e-03   7.0226900e-01
   1.2814201e+02  -4.3175285e+01  -6.0627200e-01   7.1190100e-01  -1.1190000e-03   1.1730000e-03   7.0227700e-01
   1.2816878e+02  -4.1211166e+01  -5.9914100e-01   7.1189300e-01   1.4620000e-03  -1.4480000e-03   7.0228500e-01
   1.2819586e+02  -3.9221062e+01  -6.0086300e-01   7.1188600e-01   4.1000000e-04  -3.8400000e-04   7.0229500e-01
   1.2822317e+02  -3.7209614e+01  -5.9532700e-01   7.1187400e-01  -1.3450000e-03   1.3940000e-03   7.0230500e-01
   1.2825043e+02  -3.5198189e+01  -5.9534700e-01   7.1186900e-01  -6.7200000e-04   7.1100000e-04   7.0231200e-01
   1.2827766e+02  -3.3185223e+01  -5.9551500e-01   7.1186600e-01  -7.3300000e-04   7.7300000e-04   7.0231500e-01
   1.2830515e+02  -3.1151308e+01  -5.9566600e-01   7.1185900e-01  -8.8000000e-04   9.2300000e-04   7.0232200e-01
   1.2833289e+02  -2.9094833e+01  -5.9577400e-01   7.1184900e-01  -9.9500000e-04   1.0410000e-03   7.0233100e-01
   1.2836087e+02  -2.7017260e+01  -5.9583300e-01   7.1183900e-01  -1.0440000e-03   1.0900000e-03   7.0234100e-01
   1.2838915e+02  -2.4914743e+01  -6.0298900e-01   7.1182000e-01  -3.5870000e-03   3.6660000e-03   7.0234300e-01
   1.2841801e+02  -2.2805395e+01  -6.0953500e-01   7.1183300e-01  -2.2600000e-04   8.4500000e-04   7.0234800e-01
   1.2844693e+02  -2.0671547e+01  -6.0805200e-01   7.1182000e-01   7.5000000e-05   1.1240000e-03   7.0236100e-01
   1.2847496e+02  -1.8518593e+01  -6.0625700e-01   7.1181200e-01  -7.8100000e-04   1.6200000e-03   7.0236800e-01
   1.2850356e+02  -1.6350012e+01  -6.0635800e-01   7.1178600e-01  -9.1500000e-04   1.0770000e-03   7.0239500e-01
   1.2853282e+02  -1.4164167e+01  -6.0629100e-01   7.1177200e-01  -1.0110000e-03   1.0080000e-03   7.0240900e-01
   1.2856221e+02  -1.1961914e+01  -6.0623800e-01   7.1176500e-01  -1.0080000e-03   9.7300000e-04   7.0241700e-01
   1.2859168e+02  -9.7434790e+00  -6.0620300e-01   7.1175900e-01  -9.9200000e-04   9.6400000e-04   7.0242300e-01
   1.2862125e+02  -7.5091110e+00  -6.0617900e-01   7.1175200e-01  -9.7000000e-04   9.6000000e-04   7.0243000e-01
   1.2865097e+02  -5.2590030e+00  -6.0616100e-01   7.1174400e-01  -9.5100000e-04   9.5800000e-04   7.0243700e-01
   1.2868082e+02  -2.9933190e+00  -6.0614900e-01   7.1173600e-01  -9.3500000e-04   9.5500000e-04   7.0244500e-01
   1.2871081e+02  -7.1218900e-01  -6.0614000e-01   7.1172800e-01  -9.2300000e-04   9.5200000e-04   7.0245400e-01
   1.2874097e+02   1.5842710e+00  -6.0613400e-01   7.1172000e-01  -9.1400000e-04   9.4800000e-04   7.0246200e-01
   1.2877119e+02   3.8963720e+00  -6.0675800e-01   7.1174700e-01  -1.2280000e-03   1.0590000e-03   7.0243400e-01
   1.2880209e+02   6.2223770e+00  -6.0675300e-01   7.1175700e-01  -8.8700000e-04   5.7400000e-04   7.0242500e-01
   1.2883350e+02   8.5597290e+00  -6.0048700e-01   7.1171000e-01   9.6500000e-04  -1.0770000e-03   7.0247200e-01
   1.2886465e+02   1.0919741e+01  -5.9520100e-01   7.1168100e-01  -1.1790000e-03   1.2130000e-03   7.0250100e-01
   1.2889223e+02   1.3289976e+01  -5.9538800e-01   7.1075500e-01  -1.0250000e-03   7.6700000e-04   7.0343900e-01
   1.2891565e+02   1.5675939e+01  -5.9555500e-01   7.0958900e-01  -1.2420000e-03   6.1100000e-04   7.0461400e-01
   1.2893327e+02   1.8076788e+01  -5.9565400e-01   7.0848000e-01  -1.4070000e-03   4.3200000e-04   7.0573000e-01
   1.2894176e+02   2.0492456e+01  -5.9571800e-01   7.0691600e-01  -1.6600000e-03   1.6600000e-04   7.0729600e-01
   1.2894192e+02   2.2927769e+01  -6.0287800e-01   7.0543500e-01  -4.4160000e-03   2.4780000e-03   7.0875600e-01
   1.2893590e+02   2.5365849e+01  -6.0947000e-01   7.0468800e-01  -1.0950000e-03  -3.3700000e-04   7.0951600e-01
   1.2892522e+02   2.7825596e+01  -6.0851100e-01   7.0423000e-01  -8.2200000e-04   9.0800000e-04   7.0997100e-01
   1.2890813e+02   3.0298803e+01  -6.0693200e-01   7.0405600e-01  -8.7000000e-04   5.8200000e-04   7.1014400e-01
   1.2888838e+02   3.2783760e+01  -6.0621500e-01   7.0398900e-01  -1.2760000e-03   1.6000000e-04   7.1021000e-01
   1.2886803e+02   3.5266052e+01  -6.0608600e-01   7.0394700e-01  -1.0000000e-03  -1.1000000e-05   7.1025200e-01
   1.2884683e+02   3.7742519e+01  -6.0593400e-01   7.0393500e-01  -5.8500000e-04  -1.6000000e-04   7.1026400e-01
   1.2882518e+02   4.0211990e+01  -6.0075700e-01   7.0393600e-01   8.1100000e-04  -1.3330000e-03   7.1026100e-01
   1.2880325e+02   4.2687035e+01  -5.9488500e-01   7.0393500e-01  -5.6700000e-04   2.2600000e-04   7.1026400e-01
   1.2878114e+02   4.5163544e+01  -5.9515800e-01   7.0393200e-01  -3.9100000e-04   1.9300000e-04   7.1026700e-01
   1.2875890e+02   4.7647705e+01  -5.9535600e-01   7.0392800e-01  -4.6000000e-04   3.5500000e-04   7.1027100e-01
   1.2873651e+02   5.0140244e+01  -5.9547300e-01   7.0392200e-01  -4.7200000e-04   4.2600000e-04   7.1027700e-01
   1.2871410e+02   5.2634384e+01  -5.9547900e-01   7.0391900e-01  -3.0100000e-04   2.9300000e-04   7.1028100e-01
   1.2869168e+02   5.5124710e+01  -6.0252700e-01   7.0391400e-01  -2.5800000e-03   2.5710000e-03   7.1027600e-01
   1.2867017e+02   5.7589703e+01  -6.0872700e-01   7.0392800e-01   1.2920000e-03  -4.6400000e-04   7.1027000e-01
   1.2864825e+02   6.0051376e+01  -6.0748800e-01   7.0391800e-01   1.0890000e-03   4.7400000e-04   7.1028100e-01
   1.2862491e+02   6.2508461e+01  -6.0596400e-01   7.0389800e-01   5.0800000e-04   1.4900000e-04   7.1030100e-01
   1.2860274e+02   6.4944847e+01  -6.0575600e-01   7.0389300e-01   5.6200000e-04  -4.5500000e-04   7.1030500e-01
   1.2858109e+02   6.7357941e+01  -6.0561800e-01   7.0389700e-01   6.7900000e-04  -6.9900000e-04   7.1030100e-01
   1.2855965e+02   6.9745453e+01  -6.0550100e-01   7.0390600e-01   8.5600000e-04  -8.9000000e-04   7.1029200e-01
   1.2853842e+02   7.2104851e+01  -6.0541500e-01   7.0391800e-01   1.0090000e-03  -1.0250000e-03   7.1028000e-01
   1.2851744e+02   7.4438240e+01  -6.0539100e-01   7.0393000e-01   1.0340000e-03  -1.0260000e-03   7.1026800e-01
   1.2849667e+02   7.6752357e+01  -6.0542200e-01   7.0394000e-01   9.3600000e-04  -9.0700000e-04   7.1025800e-01
   1.2847610e+02   7.9048882e+01  -6.0542200e-01   7.0394800e-01   9.2100000e-04  -8.7700000e-04   7.1025000e-01
   1.2845581e+02   8.1323051e+01  -6.0539100e-01   7.0395700e-01   9.9400000e-04  -9.3900000e-04   7.1024100e-01
   1.2845581e+02   8.1323051e+01  -6.0539100e-01   7.0395700e-01   9.9400000e-04  -9.3900000e-04   7.1024100e-01
